constant	main_caste_rank_female	nocaste_female	age_female	noage_female	height_female	noheight_female	income_pred_female
1	6	0	25	0	1.5494	0	8.744252
1	5	0	25	0	1.6256	0	8.865573
1	1	0	27	0	1.6256	0	8.543419
1	2	0	25	0	1.524	0	8.673765
1	5	0	23	0	1.524	0	8.673765
1	5	0	25	0	1.4986	0	8.673765
1	1	0	24	0	1.6002	0	8.673765
1	1	0	28	0	1.651	0	8.865573
1	4	0	23	0	1.6002	0	7.95042
1	5	0	25	0	1.5494	0	8.543419
1	1	0	25	0	1.5748	0	8.673765
1	1	0	27	0	1.6256	0	8.744252
1	5	0	24	0	1.6764	0	8.543419
1	4	0	24	0	1.5621	0	8.673765
1	4	0	23	0	1.5748	0	7.95042
1	5	0	26	0	1.5494	0	8.543419
1	1	0	22	0	1.524	0	8.673765
1	6	0	27	0	1.651	0	7.95042
1	4	0	26	0	1.524	0	8.525649
1	1	0	23	0	1.6256	0	8.911333
1	1	0	24	0	1.6129	0	9.013688
1	4	0	27	0	1.5748	0	8.613906
1	1	0	26	0	1.6002	0	8.525649
1	4	0	24	0	1.6002	0	8.863879
1	5	0	32	0	1.5748	0	8.673765
1	3	0	27	0	1.6764	0	8.525649
1	6	0	23	0	1.5748	0	8.863879
1	4	0	24	0	1.5748	0	8.543419
1	1	0	27	0	1.5494	0	8.673765
1	4	0	28	0	1.5494	0	8.525649
1	2	0	43	0	1.6256	0	8.673765
1	4	0	28	0	1.5875	0	8.543419
1	4	0	26	0	1.5748	0	8.673765
1	4	0	25	0	1.6002	0	8.613906
1	5	0	20	0	1.6256	0	8.099738
1	1	0	27	0	1.6256	0	8.543419
1	4	0	25	0	1.5748	0	8.673765
1	4	0	21	0	1.6002	0	8.525649
1	4	0	26	0	1.5494	0	8.543419
1	4	0	28	0	1.6002	0	8.673765
1	4	0	29	0	1.5748	0	8.525649
1	1	0	0	1	1.5494	0	8.973855
1	8	0	23	0	1.6002	0	8.673765
1	4	0	24	0	1.6256	0	8.525649
1	1	0	24	0	1.5494	0	8.543419
1	1	0	38	0	1.524	0	8.099738
1	6	0	24	0	1.5748	0	8.673765
1	1	0	24	0	1.6256	0	9.174689
1	4	0	27	0	1.6002	0	8.673765
1	6	0	25	0	1.651	0	8.543419
1	4	0	0	1	1.524	0	8.673765
1	4	0	23	0	1.5748	0	8.673765
1	4	0	23	0	1.5748	0	8.744252
1	5	0	30	0	1.5494	0	9.848089
1	4	0	24	0	1.524	0	8.744252
1	4	0	24	0	1.4732	0	8.099738
1	4	0	21	0	1.6002	0	8.099738
1	6	0	26	0	1.5494	0	8.744252
1	4	0	26	0	1.5748	0	9.174689
1	4	0	23	0	1.651	0	8.673765
1	4	0	22	0	1.5494	0	8.673765
1	6	0	27	0	1.5621	0	8.973855
1	6	0	28	0	1.6002	0	8.613906
1	6	0	24	0	1.5748	0	8.673765
1	1	0	28	0	1.6256	0	8.543419
1	3	0	26	0	1.5494	0	8.863879
1	4	0	29	0	1.5875	0	8.973855
1	6	0	27	0	1.6764	0	8.973855
1	6	0	27	0	1.5494	0	9.084176
1	1	0	25	0	1.5494	0	8.613906
1	5	0	22	0	1.5494	0	8.673765
1	1	0	26	0	1.6002	0	8.744252
1	4	0	27	0	1.524	0	8.543419
1	2	0	37	0	1.651	0	8.673765
1	2	0	25	0	1.5748	0	8.543419
1	1	0	26	0	1.5748	0	8.543419
1	6	0	27	0	1.6256	0	8.673765
1	8	0	26	0	1.651	0	8.543419
1	7	0	21	0	1.6002	0	9.203803
1	4	0	25	0	1.651	0	8.744252
1	5	0	23	0	1.524	0	8.673765
1	4	0	30	0	1.6256	0	8.973855
1	4	0	25	0	1.6002	0	7.95042
1	4	0	27	0	1.6383	0	8.744252
1	5	0	24	0	1.5748	0	8.673765
1	3	0	26	0	1.5748	0	8.613906
1	1	0	28	0	1.5748	0	8.543419
1	4	0	24	0	1.5748	0	8.673765
1	4	0	32	0	1.5748	0	9.598623
1	1	0	28	0	1.524	0	8.973855
1	4	0	28	0	1.6002	0	8.525649
1	5	0	27	0	1.5748	0	8.744252
1	7	0	27	0	1.524	0	8.525649
1	4	0	24	0	1.5748	0	8.673765
1	5	0	28	0	1.5494	0	9.104201
1	5	0	23	0	1.524	0	8.525649
1	4	0	23	0	1.6256	0	8.863879
1	4	0	30	0	1.651	0	8.673765
1	1	0	23	0	1.5494	0	8.673765
1	5	0	22	0	1.5748	0	8.673765
1	2	0	26	0	1.651	0	8.525649
1	1	0	25	0	1.6129	0	8.673765
1	3	0	27	0	1.5748	0	8.825739
1	8	0	23	0	1.6002	0	8.525649
1	1	0	24	0	1.524	0	8.863879
1	4	0	27	0	1.524	0	8.865573
1	0	1	24	0	1.5494	0	8.099738
1	1	0	23	0	1.6002	0	8.099738
1	5	0	26	0	1.524	0	8.613906
1	4	0	25	0	1.524	0	8.406195
1	4	0	33	0	1.5748	0	8.673765
1	1	0	22	0	1.5494	0	8.525649
1	4	0	30	0	1.5494	0	8.117501
1	5	0	24	0	1.6002	0	8.673765
1	4	0	26	0	1.5494	0	8.099738
1	8	0	27	0	1.524	0	9.044342
1	1	0	25	0	1.5748	0	8.543419
1	2	0	33	0	1.524	0	8.345241
1	1	0	25	0	0	1	8.673765
1	6	0	23	0	1.6002	0	8.099738
1	5	0	26	0	1.5494	0	9.444125
1	5	0	25	0	1.7018	0	8.543419
1	2	0	26	0	1.5875	0	7.95042
1	4	0	30	0	1.6002	0	8.973855
1	4	0	25	0	1.5875	0	8.673765
1	4	0	26	0	1.5748	0	8.543419
1	1	0	25	0	1.5494	0	8.744252
1	1	0	24	0	1.6256	0	8.543419
1	4	0	29	0	1.5748	0	8.744252
1	4	0	25	0	1.5748	0	8.543419
1	1	0	25	0	1.5494	0	8.543419
1	4	0	28	0	1.524	0	8.744252
1	4	0	37	0	1.5494	0	8.525649
1	5	0	25	0	1.524	0	8.744252
1	1	0	26	0	1.524	0	8.543419
1	4	0	24	0	1.5748	0	8.673765
1	4	0	0	1	1.6002	0	8.525649
1	4	0	24	0	1.4732	0	8.673765
1	4	0	26	0	0	1	8.673765
1	4	0	24	0	1.5494	0	8.673765
1	5	0	29	0	1.5748	0	8.613906
1	4	0	21	0	1.5494	0	8.099738
1	5	0	26	0	1.5748	0	8.543419
1	6	0	23	0	1.524	0	8.543419
1	4	0	28	0	1.6764	0	8.613906
1	1	0	25	0	1.5748	0	8.744252
1	1	0	32	0	1.524	0	9.174689
1	5	0	28	0	1.651	0	8.673765
1	4	0	22	0	1.524	0	8.744252
1	1	0	25	0	1.6002	0	8.543419
1	1	0	25	0	1.651	0	8.543419
1	4	0	28	0	1.6002	0	9.174689
1	8	0	25	0	1.524	0	8.543419
1	5	0	28	0	1.5748	0	8.525649
1	7	0	37	0	1.6002	0	9.203803
1	5	0	40	0	1.5748	0	8.673765
1	1	0	27	0	1.6002	0	9.777601
1	4	0	24	0	1.5494	0	8.673765
1	1	0	23	0	1.6002	0	8.863879
1	4	0	27	0	1.651	0	8.613906
1	1	0	31	0	1.6383	0	8.744252
1	4	0	23	0	1.6002	0	8.099738
1	6	0	29	0	1.524	0	9.154383
1	5	0	27	0	1.6002	0	8.395303
1	1	0	29	0	1.5748	0	8.543419
1	5	0	29	0	1.5748	0	8.099738
1	2	0	28	0	1.6256	0	8.744252
1	4	0	27	0	1.651	0	8.973855
1	5	0	30	0	1.5621	0	9.042912
1	5	0	30	0	1.5494	0	9.084176
1	5	0	35	0	1.4224	0	8.744252
1	1	0	28	0	1.6002	0	8.673765
1	6	0	25	0	1.5494	0	8.863879
1	5	0	27	0	1.5748	0	9.084176
1	4	0	25	0	1.524	0	8.673765
1	4	0	26	0	1.6002	0	8.525649
1	6	0	20	0	1.6002	0	8.099738
1	1	0	25	0	1.5494	0	8.863879
1	6	0	28	0	1.6002	0	8.744252
1	2	0	26	0	1.5748	0	8.973855
1	1	0	30	0	1.5748	0	8.673765
1	4	0	19	0	1.6256	0	8.099738
1	5	0	34	0	1.5875	0	9.104201
1	7	0	26	0	1.6002	0	8.543419
1	1	0	28	0	1.4986	0	8.673765
1	4	0	29	0	0	1	7.95042
1	5	0	25	0	1.5367	0	8.422362
1	1	0	25	0	1.651	0	9.266994
1	4	0	29	0	1.5494	0	8.673765
1	4	0	29	0	1.5748	0	8.863879
1	4	0	29	0	1.651	0	8.543419
1	5	0	28	0	1.5494	0	9.013688
1	4	0	26	0	1.524	0	8.744252
1	1	0	36	0	1.5494	0	8.763893
1	4	0	25	0	1.6002	0	8.673765
1	4	0	28	0	1.5	0	8.863879
1	4	0	27	0	1.5494	0	8.744252
1	1	0	24	0	1.6002	0	8.613906
1	8	0	26	0	0	1	7.95042
1	5	0	24	0	1.6002	0	8.673765
1	1	0	25	0	1.6002	0	8.673765
1	5	0	29	0	1.524	0	8.099738
1	1	0	25	0	1.6002	0	8.825739
1	5	0	38	0	1.5494	0	8.673765
1	1	0	26	0	1.6002	0	8.673765
1	2	0	30	0	1.524	0	9.266994
1	3	0	25	0	1.6002	0	8.543419
1	8	0	27	0	1.5748	0	9.044342
1	5	0	26	0	1.5748	0	8.613906
1	2	0	28	0	1.6764	0	8.613906
1	1	0	25	0	1.5748	0	8.543419
1	1	0	25	0	1.6256	0	8.744252
1	6	0	25	0	1.5875	0	9.104201
1	8	0	23	0	1.6002	0	8.543419
1	4	0	27	0	1.6764	0	8.380857
1	4	0	30	0	1.5748	0	8.673765
1	4	0	34	0	1.524	0	8.543419
1	4	0	27	0	1.5748	0	9.203803
1	1	0	37	0	1.524	0	8.673765
1	1	0	26	0	1.6002	0	8.099738
1	4	0	24	0	1.5494	0	8.673765
1	4	0	28	0	1.6637	0	8.543419
1	6	0	30	0	1.4986	0	9.203803
1	1	0	27	0	1.5748	0	8.543419
1	6	0	22	0	1.5748	0	8.099738
1	4	0	26	0	1.5494	0	8.099738
1	1	0	25	0	1.6002	0	9.174689
1	5	0	39	0	1.5748	0	8.863879
1	4	0	24	0	1.651	0	8.744252
1	1	0	30	0	1.651	0	8.673765
1	4	0	26	0	1.6002	0	8.525649
1	4	0	25	0	1.6002	0	8.406195
1	4	0	26	0	1.651	0	9.104201
1	2	0	31	0	1.5494	0	8.973855
1	7	0	22	0	1.5748	0	8.543419
1	4	0	27	0	1.5494	0	8.543419
1	1	0	30	0	1.4986	0	8.973855
1	3	0	26	0	1.6002	0	9.514612
1	4	0	26	0	1.6002	0	8.863879
1	6	0	26	0	1.651	0	8.673765
1	1	0	24	0	1.5494	0	8.543419
1	1	0	22	0	1.5748	0	8.744252
1	1	0	31	0	1.524	0	8.863879
1	1	0	26	0	1.5748	0	9.044342
1	1	0	25	0	1.524	0	8.673765
1	1	0	27	0	1.5748	0	8.543419
1	1	0	25	0	1.6764	0	8.673765
1	1	0	24	0	1.6002	0	8.673765
1	6	0	24	0	1.6002	0	8.673765
1	5	0	34	0	1.6256	0	9.514612
1	1	0	27	0	1.524	0	8.543419
1	2	0	30	0	1.5748	0	8.973855
1	4	0	25	0	1.5748	0	8.543419
1	4	0	0	1	0	1	8.543419
1	4	0	27	0	1.5748	0	9.203803
1	1	0	34	0	1.5748	0	9.013688
1	4	0	26	0	1.6256	0	9.514612
1	4	0	26	0	1.5748	0	8.543419
1	5	0	23	0	1.524	0	8.673765
1	4	0	28	0	1.5748	0	8.543419
1	5	0	27	0	1.524	0	8.613906
1	1	0	34	0	1.5748	0	8.525649
1	4	0	26	0	1.5748	0	8.543419
1	6	0	25	0	1.5748	0	9.013688
1	4	0	33	0	1.5748	0	9.203803
1	6	0	23	0	1.5875	0	9.084176
1	6	0	29	0	1.651	0	9.038159
1	6	0	22	0	1.5748	0	8.525649
1	5	0	27	0	1.6256	0	9.174689
1	4	0	32	0	1.6256	0	9.84864
1	4	0	26	0	1.6002	0	8.543419
1	4	0	23	0	1.5494	0	8.099738
1	1	0	25	0	1.651	0	8.099738
1	4	0	26	0	1.5494	0	8.525649
1	1	0	28	0	1.5748	0	8.543419
1	1	0	24	0	1.6891	0	8.673765
1	4	0	29	0	1.524	0	8.863879
1	4	0	24	0	1.6002	0	8.525649
1	1	0	24	0	1.5748	0	8.863879
1	1	0	25	0	1.6256	0	8.525649
1	1	0	22	0	1.6002	0	8.543419
1	6	0	27	0	0	1	8.863879
1	1	0	26	0	1.5494	0	8.744252
1	5	0	26	0	1.5494	0	8.395303
1	5	0	25	0	1.5494	0	8.673765
1	6	0	24	0	1.5748	0	8.543419
1	1	0	24	0	1.5748	0	8.673765
1	5	0	33	0	1.5748	0	9.203803
1	4	0	26	0	1.6256	0	8.099738
1	5	0	39	0	1.6002	0	9.044342
1	1	0	25	0	1.5748	0	8.744252
1	1	0	25	0	1.6256	0	8.673765
1	6	0	25	0	1.5748	0	9.044342
1	4	0	27	0	1.651	0	8.395303
1	6	0	31	0	1.5494	0	9.136614
1	4	0	25	0	1.2573	0	8.673765
1	4	0	28	0	1.5748	0	8.673765
1	1	0	24	0	1.5494	0	8.744252
1	5	0	28	0	1.5748	0	8.863879
1	1	0	24	0	1.6256	0	8.673765
1	4	0	27	0	1.5748	0	8.744252
1	4	0	26	0	1.7018	0	8.525649
1	3	0	30	0	1.6256	0	8.543419
1	5	0	27	0	1.5748	0	8.673765
1	1	0	29	0	1.5748	0	8.973855
1	8	0	25	0	1.5875	0	8.673765
1	4	0	24	0	1.6002	0	8.673765
1	1	0	26	0	1.6002	0	8.613906
1	4	0	29	0	0	1	8.777912
1	4	0	23	0	1.5748	0	8.099738
1	4	0	27	0	1.5494	0	8.543419
1	5	0	28	0	1.5494	0	8.613906
1	4	0	23	0	1.5494	0	8.525649
1	4	0	24	0	1.6129	0	8.673765
1	1	0	24	0	1.5621	0	8.613906
1	6	0	23	0	1.6002	0	8.099738
1	1	0	27	0	1.5748	0	8.973855
1	6	0	25	0	1.5748	0	8.525649
1	5	0	23	0	1.5494	0	8.525649
1	6	0	28	0	1.6002	0	8.973855
1	4	0	30	0	1.6002	0	8.613906
1	4	0	30	0	1.5494	0	8.673765
1	5	0	26	0	1.5494	0	8.525649
1	4	0	25	0	1.524	0	8.099738
1	1	0	23	0	1.5748	0	8.744252
1	1	0	29	0	1.6002	0	8.673765
1	8	0	32	0	1.6256	0	8.476683
1	7	0	26	0	1.5748	0	9.508718
1	5	0	25	0	1.6002	0	8.744252
1	4	0	26	0	1.5494	0	8.863879
1	5	0	34	0	1.5748	0	9.695141
1	4	0	30	0	1.5748	0	8.673765
1	2	0	0	1	1.6002	0	7.95042
1	1	0	26	0	1.6002	0	8.673765
1	5	0	21	0	1.651	0	8.099738
1	1	0	28	0	1.5748	0	8.673765
1	4	0	25	0	1.5748	0	8.613906
1	5	0	27	0	1.4478	0	8.973855
1	1	0	30	0	1.5748	0	8.673765
1	4	0	35	0	1.5494	0	9.203803
1	4	0	27	0	1.5748	0	8.673765
1	4	0	25	0	1.6	0	8.543419
1	4	0	28	0	1.6002	0	7.95042
1	5	0	31	0	1.5494	0	8.543419
1	5	0	23	0	1.4224	0	8.673765
1	5	0	24	0	0	1	9.151115
1	4	0	18	0	1.524	0	8.099738
1	1	0	27	0	1.5494	0	8.744252
1	6	0	25	0	1.6002	0	8.744252
1	1	0	29	0	1.5748	0	8.543419
1	5	0	24	0	1.651	0	8.613906
1	1	0	27	0	1.5494	0	8.613906
1	1	0	25	0	0	1	8.099738
1	1	0	22	0	1.6002	0	8.744252
1	4	0	23	0	1.5494	0	8.613906
1	4	0	25	0	1.5748	0	8.744252
1	5	0	25	0	1.6256	0	8.863879
1	4	0	22	0	1.5494	0	7.95042
1	5	0	27	0	1.5748	0	8.744252
1	4	0	26	0	1.5748	0	8.543419
1	1	0	30	0	0	1	9.203803
1	4	0	27	0	1.6256	0	8.714885
1	2	0	34	0	1.5494	0	8.673765
1	8	0	24	0	1.524	0	7.95042
1	6	0	24	0	1.6002	0	8.673765
1	4	0	26	0	1.6002	0	8.673765
1	6	0	27	0	1.6256	0	8.863879
1	5	0	24	0	1.6256	0	8.543419
1	1	0	22	0	1.6002	0	7.95042
1	4	0	28	0	1.5748	0	8.973855
1	4	0	32	0	1.524	0	8.673765
1	2	0	25	0	1.5748	0	7.95042
1	1	0	24	0	1.5494	0	7.95042
1	1	0	30	0	1.5875	0	9.37639
1	5	0	25	0	1.524	0	8.543419
1	4	0	21	0	1.6002	0	8.099738
1	5	0	27	0	1.6256	0	8.543419
1	5	0	20	0	1.5748	0	8.099738
1	4	0	26	0	1.6256	0	8.744252
1	1	0	22	0	1.524	0	8.099738
1	1	0	21	0	1.7018	0	8.099738
1	5	0	32	0	1.5494	0	8.744252
1	4	0	25	0	1.524	0	8.543419
1	5	0	26	0	1.5748	0	8.543419
1	1	0	24	0	1.651	0	7.95042
1	8	0	22	0	1.5748	0	7.95042
1	1	0	21	0	1.524	0	7.95042
1	5	0	26	0	1.5748	0	8.744252
1	1	0	25	0	0	1	7.95042
1	4	0	25	0	1.5748	0	8.543419
1	5	0	25	0	1.5748	0	8.525649
1	1	0	25	0	1.6002	0	8.543419
1	5	0	23	0	1.524	0	8.673765
1	5	0	29	0	1.524	0	9.224871
1	1	0	21	0	1.524	0	8.673765
1	4	0	36	0	1.5494	0	8.973855
1	5	0	25	0	1.55	0	8.744252
1	5	0	33	0	1.5748	0	8.744252
1	2	0	20	0	1.524	0	8.099738
1	6	0	25	0	1.6002	0	8.744252
1	4	0	27	0	1.5875	0	7.95042
1	4	0	28	0	1.524	0	8.543419
1	6	0	25	0	1.6002	0	7.95042
1	6	0	23	0	1.524	0	8.673765
1	6	0	23	0	1.5748	0	8.613906
1	1	0	32	0	0	1	8.863879
1	5	0	36	0	1.5748	0	8.543419
1	4	0	34	0	1.6002	0	8.744252
1	7	0	28	0	1.5748	0	8.099738
1	1	0	25	0	1.524	0	8.744252
1	3	0	24	0	1.6002	0	8.613906
1	4	0	27	0	0	1	8.543419
1	2	0	25	0	1.6256	0	8.673765
1	1	0	25	0	1.524	0	7.95042
1	6	0	31	0	1.5748	0	8.863879
1	6	0	28	0	1.5748	0	8.613906
1	2	0	22	0	1.6129	0	7.95042
1	1	0	24	0	1.6002	0	7.95042
1	4	0	38	0	1.5494	0	9.508165
1	1	0	25	0	1.651	0	8.612476
1	1	0	25	0	1.6764	0	8.673765
1	4	0	33	0	1.5367	0	8.973855
1	5	0	22	0	1.6002	0	8.099738
1	1	0	27	0	1.6002	0	8.673765
1	5	0	26	0	1.6002	0	8.673765
1	4	0	29	0	0	1	8.673765
1	5	0	26	0	1.5494	0	7.95042
1	4	0	23	0	1.6002	0	8.863879
1	4	0	25	0	1.5748	0	8.673765
1	5	0	22	0	1.5748	0	8.744252
1	1	0	28	0	1.6256	0	9.084176
1	1	0	0	1	0	1	7.95042
1	1	0	30	0	1.5494	0	8.380857
1	4	0	25	0	1.6637	0	9.044342
1	4	0	31	0	1.5494	0	8.673765
1	7	0	34	0	1.6002	0	9.203803
1	1	0	30	0	1.6129	0	8.744252
1	1	0	22	0	1.5748	0	8.673765
1	1	0	26	0	1.6256	0	9.013688
1	4	0	24	0	1.524	0	8.673765
1	5	0	24	0	1.5748	0	8.673765
1	1	0	28	0	1.5748	0	8.714885
1	5	0	27	0	1.6002	0	8.673765
1	4	0	29	0	0	1	8.099738
1	5	0	28	0	1.6637	0	8.613906
1	5	0	25	0	1.524	0	8.744252
1	1	0	31	0	1.6002	0	8.525649
1	5	0	23	0	1.524	0	8.744252
1	1	0	25	0	1.5748	0	8.543419
1	1	0	24	0	1.5748	0	8.973855
1	4	0	30	0	1.6002	0	7.95042
1	4	0	0	1	0	1	7.95042
1	4	0	25	0	1.5748	0	8.395303
1	5	0	25	0	1.55	0	8.543419
1	1	0	33	0	1.524	0	8.863879
1	5	0	27	0	1.6256	0	8.543419
1	1	0	26	0	1.6256	0	8.865573
1	6	0	27	0	1.53	0	8.543419
1	4	0	22	0	1.6129	0	8.863879
1	5	0	30	0	1.5748	0	8.744252
1	6	0	26	0	1.5748	0	8.099738
1	4	0	25	0	1.5748	0	8.673765
1	5	0	34	0	1.5748	0	8.865573
1	1	0	30	0	1.57	0	9.848089
1	1	0	22	0	1.651	0	8.673765
1	4	0	24	0	1.524	0	8.744252
1	2	0	33	0	1.6256	0	7.95042
1	4	0	25	0	1.6129	0	8.673765
1	6	0	30	0	1.5748	0	8.673765
1	4	0	27	0	1.5494	0	8.863879
1	6	0	26	0	1.6891	0	9.174689
1	4	0	26	0	1.6002	0	8.744252
1	1	0	24	0	1.4986	0	8.673765
1	6	0	29	0	1.6256	0	8.744252
1	1	0	28	0	1.6002	0	9.634239
1	2	0	23	0	1.6002	0	9.203803
1	5	0	23	0	1.6002	0	8.673765
1	4	0	30	0	1.6002	0	8.561385
1	4	0	27	0	1.6256	0	8.863879
1	4	0	35	0	1.5494	0	8.380857
1	4	0	27	0	1.6764	0	8.099738
1	6	0	24	0	1.5748	0	8.673765
1	4	0	25	0	1.5875	0	8.099738
1	4	0	22	0	1.5748	0	8.673765
1	5	0	30	0	1.6256	0	8.673765
1	4	0	20	0	1.4732	0	8.099738
1	1	0	23	0	1.5494	0	8.744252
1	1	0	27	0	1.5748	0	8.380857
1	6	0	23	0	1.6256	0	8.099738
1	8	0	26	0	1.5875	0	8.099738
1	5	0	38	0	1.5748	0	8.863879
1	4	0	25	0	1.5748	0	8.525649
1	4	0	40	0	1.5748	0	8.099738
1	4	0	31	0	1.6002	0	8.673765
1	1	0	28	0	1.6002	0	8.973855
1	4	0	27	0	1.6256	0	8.525649
1	1	0	28	0	0	1	8.380857
1	4	0	28	0	1.5748	0	8.673765
1	1	0	27	0	1.651	0	8.744252
1	5	0	22	0	1.6002	0	8.744252
1	5	0	31	0	1.5748	0	9.139073
1	4	0	32	0	1.5748	0	8.099738
1	4	0	22	0	1.651	0	8.673765
1	1	0	28	0	1.651	0	8.613906
1	1	0	36	0	0	1	8.380857
1	4	0	27	0	1.524	0	8.380857
