1	4	0	41	0	1.6764	0	9.989575
1	4	0	37	0	1.6764	0	9.247222
1	5	0	33	0	1.6764	0	9.127307
1	4	0	27	0	1.7526	0	9.127307
1	5	0	31	0	1.7272	0	8.99223
1	4	0	32	0	1.778	0	9.689184
1	6	0	29	0	1.8034	0	9.689184
1	1	0	48	0	0	1	9.729162
1	2	0	34	0	1.6764	0	9.423843
1	4	0	28	0	1.7272	0	9.689184
1	4	0	36	0	1.7018	0	8.716446
1	8	0	29	0	1.651	0	9.328186
1	4	0	31	0	1.6891	0	9.2512
1	1	0	28	0	1.7018	0	8.99223
1	2	0	38	0	1.8288	0	9.357899
1	1	0	27	0	1.7018	0	9.2512
1	1	0	28	0	1.7272	0	9.208271
1	6	0	31	0	1.7272	0	9.93285
1	1	0	52	0	1.7018	0	9.208271
1	1	0	36	0	1.8034	0	9.208271
1	5	0	32	0	1.6764	0	8.99223
1	6	0	31	0	1.7272	0	9.286845
1	2	0	29	0	1.72	0	9.321049
1	2	0	27	0	1.778	0	9.395179
1	4	0	28	0	1.6764	0	10.07391
1	4	0	34	0	1.6891	0	9.2512
1	8	0	29	0	1.6764	0	9.438108
1	1	0	32	0	1.7272	0	9.367809
1	6	0	33	0	1.8034	0	9.25949
1	4	0	33	0	1.6764	0	9.571068
1	8	0	31	0	1.6256	0	10.07391
1	2	0	34	0	1.8161	0	8.99223
1	2	0	34	0	1.7018	0	9.93285
1	5	0	27	0	1.7526	0	9.452142
1	3	0	31	0	1.7018	0	8.99223
1	4	0	31	0	1.6383	0	9.830038
1	1	0	30	0	1.7018	0	9.689184
1	5	0	36	0	1.6764	0	8.972886
1	8	0	32	0	1.7526	0	9.098928
1	6	0	29	0	1.8288	0	9.571068
1	4	0	34	0	1.5748	0	9.244829
1	4	0	29	0	1.8669	0	9.830038
1	3	0	30	0	1.7526	0	9.440964
1	1	0	33	0	1.778	0	9.395179
1	4	0	32	0	1.6764	0	8.99223
1	4	0	31	0	1.7272	0	9.127307
1	6	0	36	0	1.63	0	9.49507
1	4	0	32	0	1.6256	0	9.876092
1	1	0	32	0	1.6256	0	8.938133
1	4	0	32	0	1.7018	0	9.127307
1	4	0	0	1	0	1	9.323274
1	4	0	34	0	1.6764	0	8.938133
1	6	0	34	0	1.7018	0	8.888406
1	4	0	35	0	1.778	0	9.2019
1	6	0	34	0	1.8034	0	9.208271
1	2	0	33	0	1.7018	0	10.07391
1	4	0	29	0	1.651	0	9.830038
1	4	0	37	0	1.6	0	8.99223
1	1	0	30	0	1.7018	0	9.2512
1	7	0	31	0	1.6002	0	9.809099
1	1	0	32	0	1.6002	0	9.208271
1	5	0	31	0	1.7018	0	9.430214
1	4	0	30	0	1.7526	0	8.99223
1	5	0	35	0	1.7018	0	9.830038
1	4	0	30	0	0	1	9.208271
1	7	0	30	0	0	1	8.833337
1	4	0	24	0	1.6002	0	8.557931
1	1	0	34	0	1.7272	0	8.938133
1	8	0	31	0	1.778	0	9.848722
1	5	0	28	0	1.7145	0	9.93285
1	8	0	30	0	1.6764	0	8.99223
1	5	0	35	0	0	1	8.99223
1	6	0	27	0	1.6764	0	9.93285
1	4	0	50	0	1.7018	0	9.395179
1	1	0	29	0	1.8034	0	9.93285
1	4	0	29	0	1.7018	0	8.825611
1	6	0	33	0	1.7018	0	9.689184
1	6	0	28	0	1.7018	0	8.99223
1	5	0	27	0	1.6764	0	8.99223
1	4	0	32	0	1.7272	0	9.440964
1	4	0	28	0	1.6764	0	9.494866
1	4	0	0	1	1.7272	0	8.99223
1	5	0	26	0	1.6256	0	8.99223
1	5	0	39	0	0	1	9.2512
1	5	0	29	0	1.8034	0	8.938133
1	1	0	27	0	1.7526	0	9.989575
1	6	0	34	0	1.651	0	9.2512
1	4	0	29	0	0	1	9.566736
1	4	0	35	0	1.75	0	10.07391
1	2	0	33	0	1.7272	0	8.972886
1	1	0	45	0	1.6002	0	8.972886
1	1	0	32	0	1.6764	0	9.064094
1	1	0	28	0	1.778	0	9.127307
1	4	0	29	0	0	1	9.2512
1	4	0	33	0	1.6764	0	8.99223
1	4	0	36	0	1.7018	0	8.99223
1	1	0	28	0	1.7526	0	9.559211
1	5	0	35	0	1.7018	0	9.208271
1	1	0	36	0	1.7272	0	10.07391
1	6	0	28	0	1.78	0	9.848722
1	1	0	28	0	1.7018	0	9.689184
1	4	0	29	0	1.7526	0	9.757976
1	6	0	0	1	0	1	9.830038
1	4	0	31	0	1.6002	0	9.452142
1	1	0	30	0	1.8288	0	9.107023
1	1	0	28	0	1.651	0	8.99223
1	4	0	36	0	1.8288	0	9.689184
1	5	0	36	0	0	1	9.571068
1	5	0	27	0	0	1	9.571068
1	5	0	34	0	1.7018	0	9.989575
1	6	0	30	0	1.6764	0	8.938133
1	5	0	30	0	1.651	0	9.571068
1	4	0	30	0	1.7272	0	9.208271
1	4	0	26	0	1.6256	0	9.814734
1	4	0	35	0	1.651	0	8.938133
1	5	0	34	0	1.7272	0	9.2512
1	5	0	30	0	1.7526	0	9.303116
1	5	0	35	0	1.6764	0	9.830038
1	8	0	29	0	1.6891	0	9.208271
1	1	0	35	0	1.8288	0	8.938133
1	5	0	36	0	1.6256	0	9.208271
1	4	0	24	0	1.6002	0	9.876092
1	4	0	35	0	1.651	0	9.438108
1	4	0	40	0	1.651	0	9.208271
1	1	0	40	0	1.651	0	8.799023
1	2	0	27	0	0	1	9.93285
1	4	0	31	0	1.651	0	8.99223
1	4	0	31	0	1.7526	0	9.208271
1	1	0	30	0	1.6891	0	8.99223
1	4	0	0	1	0	1	8.99223
1	4	0	26	0	1.7272	0	10.0737
1	5	0	34	0	1.6256	0	9.2512
1	6	0	29	0	1.6256	0	10.0973
1	5	0	30	0	1.778	0	8.883064
1	5	0	32	0	1.651	0	8.99223
1	4	0	34	0	1.7272	0	8.99223
1	4	0	36	0	1.6002	0	9.070221
1	1	0	37	0	1.6764	0	9.2512
1	4	0	32	0	1.6764	0	9.689184
1	4	0	36	0	1.651	0	9.438108
1	4	0	34	0	1.6764	0	9.208271
1	5	0	29	0	1.651	0	9.235896
1	1	0	30	0	1.7018	0	9.2512
1	5	0	31	0	1.6764	0	9.830038
1	1	0	30	0	1.7018	0	9.235896
1	5	0	27	0	1.7018	0	9.689184
1	1	0	34	0	1.6764	0	9.571068
1	1	0	26	0	1.7018	0	9.107232
1	6	0	29	0	1.6764	0	9.93285
1	1	0	40	0	1.651	0	9.2512
1	5	0	29	0	1.7018	0	9.689184
1	1	0	28	0	0	1	9.2512
1	5	0	29	0	1.7018	0	9.395179
1	4	0	32	0	1.651	0	9.127307
1	7	0	27	0	1.651	0	8.938133
1	5	0	30	0	1.6764	0	8.99223
1	6	0	33	0	1.6002	0	9.208271
1	1	0	36	0	1.6764	0	9.235896
1	1	0	35	0	0	1	9.328186
1	5	0	32	0	1.8034	0	9.571068
1	1	0	33	0	1.6764	0	9.697474
1	1	0	31	0	1.6256	0	10.07391
1	6	0	29	0	1.7272	0	8.938133
1	2	0	28	0	0	1	9.208271
1	0	1	30	0	1.7526	0	9.507385
1	1	0	35	0	1.6256	0	9.2512
1	6	0	26	0	1.6764	0	8.82871
1	1	0	32	0	1.778	0	9.680216
1	6	0	38	0	1.651	0	8.938133
1	1	0	27	0	1.7272	0	8.938133
1	1	0	0	1	0	1	9.208271
1	1	0	28	0	0	1	9.571068
1	5	0	36	0	1.7526	0	8.825611
1	4	0	0	1	0	1	9.2512
1	6	0	26	0	1.7399	0	9.208271
1	5	0	30	0	1.8288	0	9.395179
1	1	0	40	0	1.5748	0	9.809099
1	7	0	29	0	1.6256	0	9.097672
1	4	0	30	0	1.7526	0	9.830038
1	0	1	28	0	1.6002	0	9.876092
1	1	0	40	0	1.7018	0	8.972886
1	1	0	29	0	1.8288	0	9.571068
1	4	0	32	0	1.6256	0	9.070436
1	2	0	29	0	1.8034	0	9.367809
1	6	0	29	0	1.778	0	9.2512
1	4	0	33	0	0	1	9.053135
1	4	0	0	1	1.7272	0	9.757976
1	4	0	0	1	1.7526	0	9.208271
1	1	0	39	0	1.6764	0	9.307697
1	3	0	28	0	0	1	9.571068
1	6	0	30	0	1.7018	0	9.179138
1	1	0	38	0	1.778	0	9.689184
1	1	0	25	0	1.778	0	9.689184
1	8	0	27	0	1.7018	0	9.367809
1	5	0	33	0	1.6764	0	9.127307
1	1	0	36	0	0	1	9.208271
1	1	0	36	0	0	1	9.2512
1	6	0	30	0	0	1	9.235896
1	4	0	29	0	1.7526	0	9.208271
1	5	0	32	0	1.7272	0	9.814734
1	5	0	30	0	1.7272	0	9.235896
1	4	0	0	1	0	1	10.07391
1	5	0	38	0	1.7526	0	9.689184
1	7	0	33	0	1.7272	0	8.99223
1	1	0	34	0	1.6256	0	8.99223
1	5	0	25	0	1.6764	0	9.2512
1	5	0	32	0	1.8034	0	9.571068
1	3	0	34	0	1.8034	0	8.99223
1	5	0	29	0	1.8034	0	9.452142
1	4	0	32	0	1.7272	0	8.938133
1	8	0	45	0	0	1	9.314969
1	1	0	27	0	1.7272	0	9.566736
1	4	0	32	0	1.6764	0	9.451937
1	6	0	31	0	1.6256	0	9.127307
1	4	0	30	0	1.7272	0	9.830038
1	8	0	36	0	1.6764	0	9.04728
1	1	0	30	0	1.778	0	9.2512
1	5	0	34	0	1.6764	0	9.830038
1	1	0	38	0	1.778	0	8.938133
1	6	0	31	0	1.6256	0	9.564696
1	4	0	35	0	1.6764	0	9.438108
1	1	0	35	0	1.651	0	9.680216
1	5	0	37	0	1.8796	0	9.689184
1	6	0	28	0	1.7018	0	8.99223
1	4	0	29	0	1.8288	0	9.814734
1	4	0	31	0	1.6764	0	9.208271
1	4	0	27	0	1.6002	0	9.571068
1	1	0	25	0	1.651	0	8.938133
1	1	0	28	0	1.778	0	9.876092
1	5	0	31	0	1.6256	0	9.101377
1	1	0	36	0	1.651	0	9.069401
1	7	0	40	0	1.6256	0	9.357899
1	1	0	29	0	1.7018	0	9.367809
1	4	0	29	0	1.6256	0	8.99223
1	1	0	28	0	1.6256	0	9.447961
1	4	0	34	0	1.6764	0	9.2512
1	5	0	36	0	0	1	8.938133
1	8	0	0	1	0	1	9.848722
1	8	0	31	0	1.6764	0	8.972886
1	4	0	28	0	1.651	0	9.041653
1	4	0	32	0	1.7272	0	9.571068
1	4	0	33	0	1.8034	0	8.99223
1	4	0	34	0	1.6891	0	9.848722
1	1	0	35	0	1.7018	0	9.814734
1	1	0	31	0	1.8034	0	10.0973
1	4	0	32	0	1.7272	0	9.208271
1	6	0	40	0	1.6256	0	9.367809
1	4	0	36	0	1.6002	0	9.328371
1	1	0	29	0	0	1	9.809099
1	4	0	30	0	1.7526	0	9.757976
1	6	0	28	0	1.6764	0	8.99223
1	1	0	31	0	1.8034	0	9.949953
1	4	0	27	0	1.8288	0	9.93285
1	4	0	32	0	1.6891	0	9.044147
1	4	0	28	0	1.6764	0	9.357899
1	6	0	28	0	1.778	0	9.689184
1	5	0	36	0	1.5748	0	9.069401
1	4	0	34	0	1.6764	0	8.883064
1	1	0	32	0	1.6256	0	8.938133
1	4	0	32	0	1.7526	0	8.99223
1	2	0	29	0	1.6764	0	9.571068
1	4	0	36	0	1.778	0	9.367809
1	4	0	32	0	1.77	0	9.317419
1	1	0	32	0	1.651	0	9.127307
1	1	0	42	0	1.6256	0	9.208271
1	5	0	30	0	1.6764	0	8.972886
1	6	0	35	0	1.5748	0	8.557931
1	1	0	35	0	1.6764	0	9.208271
1	7	0	0	1	1.7018	0	8.99223
1	5	0	32	0	1.7272	0	9.194068
1	5	0	55	0	1.6256	0	9.395179
1	4	0	39	0	1.7526	0	9.757976
1	4	0	36	0	0	1	9.041653
1	1	0	36	0	1.6764	0	9.50877
1	6	0	33	0	1.6891	0	8.99223
1	1	0	34	0	1.651	0	8.99223
1	2	0	38	0	1.8288	0	9.2512
